pos_generated/0001_0388_0289_0068_0068.jpg 1 388 289 68 68
pos_generated/0002_0265_0053_0326_0326.jpg 1 265 53 326 326
pos_generated/0003_0058_0048_0165_0165.jpg 1 58 48 165 165
pos_generated/0004_0013_0055_0104_0104.jpg 1 13 55 104 104
pos_generated/0005_0445_0287_0138_0138.jpg 1 445 287 138 138
pos_generated/0006_0244_0361_0078_0078.jpg 1 244 361 78 78
pos_generated/0001_0388_0289_0068_0068.jpg 1 388 289 68 68
pos_generated/0002_0265_0053_0326_0326.jpg 1 265 53 326 326
pos_generated/0003_0058_0048_0165_0165.jpg 1 58 48 165 165
pos_generated/0004_0013_0055_0104_0104.jpg 1 13 55 104 104
pos_generated/0005_0445_0287_0138_0138.jpg 1 445 287 138 138
pos_generated/0006_0244_0361_0078_0078.jpg 1 244 361 78 78
pos_generated/0001_0388_0289_0068_0068.jpg 1 388 289 68 68
pos_generated/0002_0265_0053_0326_0326.jpg 1 265 53 326 326
pos_generated/0003_0058_0048_0165_0165.jpg 1 58 48 165 165
pos_generated/0004_0013_0055_0104_0104.jpg 1 13 55 104 104
pos_generated/0005_0445_0287_0138_0138.jpg 1 445 287 138 138
pos_generated/0006_0244_0361_0078_0078.jpg 1 244 361 78 78
pos_generated/0001_0088_0043_0079_0079.jpg 1 88 43 79 79
pos_generated/0002_0512_0321_0064_0064.jpg 1 512 321 64 64
pos_generated/0003_0037_0030_0157_0157.jpg 1 37 30 157 157
pos_generated/0004_0049_0225_0158_0158.jpg 1 49 225 158 158
pos_generated/0005_0352_0145_0137_0137.jpg 1 352 145 137 137
pos_generated/0006_0024_0106_0121_0121.jpg 1 24 106 121 121
pos_generated/0007_0196_0143_0153_0153.jpg 1 196 143 153 153
pos_generated/0008_0393_0185_0131_0131.jpg 1 393 185 131 131
pos_generated/0009_0198_0100_0120_0120.jpg 1 198 100 120 120
pos_generated/0010_0044_0013_0163_0163.jpg 1 44 13 163 163
pos_generated/0011_0116_0052_0161_0161.jpg 1 116 52 161 161
pos_generated/0012_0081_0062_0163_0163.jpg 1 81 62 163 163
pos_generated/0013_0043_0016_0074_0074.jpg 1 43 16 74 74
pos_generated/0014_0067_0010_0154_0154.jpg 1 67 10 154 154
pos_generated/0015_0457_0264_0116_0116.jpg 1 457 264 116 116
pos_generated/0016_0338_0175_0144_0144.jpg 1 338 175 144 144
pos_generated/0017_0116_0131_0093_0093.jpg 1 116 131 93 93
pos_generated/0018_0047_0036_0091_0091.jpg 1 47 36 91 91
pos_generated/0019_0048_0046_0092_0092.jpg 1 48 46 92 92
pos_generated/0020_0022_0101_0100_0100.jpg 1 22 101 100 100
pos_generated/0021_0213_0163_0114_0114.jpg 1 213 163 114 114
pos_generated/0022_0283_0101_0112_0112.jpg 1 283 101 112 112
pos_generated/0023_0337_0124_0075_0075.jpg 1 337 124 75 75
pos_generated/0024_0018_0026_0086_0086.jpg 1 18 26 86 86
pos_generated/0025_0019_0021_0143_0143.jpg 1 19 21 143 143
pos_generated/0026_0293_0038_0128_0128.jpg 1 293 38 128 128
pos_generated/0027_0070_0101_0067_0067.jpg 1 70 101 67 67
pos_generated/0028_0340_0181_0094_0094.jpg 1 340 181 94 94
pos_generated/0029_0206_0117_0084_0084.jpg 1 206 117 84 84
pos_generated/0030_0048_0060_0067_0067.jpg 1 48 60 67 67
pos_generated/0031_0020_0056_0145_0145.jpg 1 20 56 145 145
pos_generated/0032_0119_0268_0138_0138.jpg 1 119 268 138 138
pos_generated/0033_0066_0076_0070_0070.jpg 1 66 76 70 70
pos_generated/0034_0385_0242_0138_0138.jpg 1 385 242 138 138
pos_generated/0035_0157_0206_0149_0149.jpg 1 157 206 149 149
pos_generated/0036_0005_0030_0138_0138.jpg 1 5 30 138 138
pos_generated/0037_0189_0238_0088_0088.jpg 1 189 238 88 88
pos_generated/0038_0404_0216_0079_0079.jpg 1 404 216 79 79
pos_generated/0039_0030_0009_0166_0166.jpg 1 30 9 166 166
pos_generated/0040_0066_0067_0149_0149.jpg 1 66 67 149 149
pos_generated/0041_0400_0188_0141_0141.jpg 1 400 188 141 141
pos_generated/0042_0247_0149_0147_0147.jpg 1 247 149 147 147
pos_generated/0043_0066_0031_0094_0094.jpg 1 66 31 94 94
pos_generated/0044_0059_0124_0086_0086.jpg 1 59 124 86 86
pos_generated/0045_0409_0169_0147_0147.jpg 1 409 169 147 147
pos_generated/0046_0029_0086_0097_0097.jpg 1 29 86 97 97
pos_generated/0047_0033_0079_0108_0108.jpg 1 33 79 108 108
pos_generated/0048_0432_0180_0155_0155.jpg 1 432 180 155 155
pos_generated/0049_0020_0049_0121_0121.jpg 1 20 49 121 121
pos_generated/0050_0197_0109_0085_0085.jpg 1 197 109 85 85
pos_generated/0051_0142_0053_0132_0132.jpg 1 142 53 132 132
pos_generated/0052_0235_0310_0123_0123.jpg 1 235 310 123 123
pos_generated/0053_0308_0147_0162_0162.jpg 1 308 147 162 162
pos_generated/0054_0014_0065_0149_0149.jpg 1 14 65 149 149
pos_generated/0055_0298_0177_0144_0144.jpg 1 298 177 144 144
pos_generated/0056_0188_0044_0143_0143.jpg 1 188 44 143 143
pos_generated/0057_0156_0220_0094_0094.jpg 1 156 220 94 94
pos_generated/0058_0202_0226_0104_0104.jpg 1 202 226 104 104
pos_generated/0059_0119_0013_0149_0149.jpg 1 119 13 149 149
pos_generated/0060_0029_0022_0126_0126.jpg 1 29 22 126 126
pos_generated/0061_0067_0027_0156_0156.jpg 1 67 27 156 156
pos_generated/0062_0036_0019_0101_0101.jpg 1 36 19 101 101
pos_generated/0063_0051_0103_0112_0112.jpg 1 51 103 112 112
pos_generated/0064_0298_0202_0165_0165.jpg 1 298 202 165 165
pos_generated/0065_0288_0301_0135_0135.jpg 1 288 301 135 135
pos_generated/0066_0403_0144_0136_0136.jpg 1 403 144 136 136
pos_generated/0067_0030_0078_0115_0115.jpg 1 30 78 115 115
pos_generated/0068_0401_0182_0145_0145.jpg 1 401 182 145 145
pos_generated/0069_0034_0047_0103_0103.jpg 1 34 47 103 103
pos_generated/0070_0237_0083_0121_0121.jpg 1 237 83 121 121
pos_generated/0071_0010_0043_0091_0091.jpg 1 10 43 91 91
pos_generated/0072_0240_0220_0150_0150.jpg 1 240 220 150 150
pos_generated/0001_0143_0216_0140_0140.jpg 1 143 216 140 140
pos_generated/0002_0026_0066_0073_0073.jpg 1 26 66 73 73
pos_generated/0003_0074_0054_0179_0179.jpg 1 74 54 179 179
pos_generated/0001_0143_0216_0140_0140.jpg 1 143 216 140 140
pos_generated/0002_0026_0066_0073_0073.jpg 1 26 66 73 73
pos_generated/0003_0074_0054_0179_0179.jpg 1 74 54 179 179
pos_generated/0001_0143_0216_0140_0140.jpg 1 143 216 140 140
pos_generated/0002_0026_0066_0073_0073.jpg 1 26 66 73 73
pos_generated/0003_0074_0054_0179_0179.jpg 1 74 54 179 179
pos_generated/0001_0198_0022_0097_0097.jpg 1 198 22 97 97
pos_generated/0002_0043_0118_0069_0069.jpg 1 43 118 69 69
pos_generated/0003_0107_0041_0141_0141.jpg 1 107 41 141 141
pos_generated/0004_0340_0263_0097_0097.jpg 1 340 263 97 97
pos_generated/0005_0043_0050_0111_0111.jpg 1 43 50 111 111
pos_generated/0006_0032_0079_0109_0109.jpg 1 32 79 109 109
pos_generated/0007_0063_0056_0119_0119.jpg 1 63 56 119 119
pos_generated/0008_0064_0091_0137_0137.jpg 1 64 91 137 137
pos_generated/0009_0101_0341_0082_0082.jpg 1 101 341 82 82
pos_generated/0010_0037_0058_0141_0141.jpg 1 37 58 141 141
pos_generated/0011_0068_0073_0103_0103.jpg 1 68 73 103 103
pos_generated/0012_0218_0345_0090_0090.jpg 1 218 345 90 90
pos_generated/0013_0073_0026_0138_0138.jpg 1 73 26 138 138
pos_generated/0014_0338_0243_0077_0077.jpg 1 338 243 77 77
pos_generated/0015_0155_0182_0090_0090.jpg 1 155 182 90 90
pos_generated/0016_0066_0050_0118_0118.jpg 1 66 50 118 118
pos_generated/0017_0121_0285_0138_0138.jpg 1 121 285 138 138
pos_generated/0018_0037_0028_0132_0132.jpg 1 37 28 132 132
pos_generated/0019_0347_0123_0119_0119.jpg 1 347 123 119 119
pos_generated/0020_0019_0088_0078_0078.jpg 1 19 88 78 78
pos_generated/0021_0052_0020_0093_0093.jpg 1 52 20 93 93
pos_generated/0022_0124_0041_0138_0138.jpg 1 124 41 138 138
pos_generated/0023_0019_0094_0094_0094.jpg 1 19 94 94 94
pos_generated/0024_0422_0287_0127_0127.jpg 1 422 287 127 127
pos_generated/0025_0137_0193_0073_0073.jpg 1 137 193 73 73
pos_generated/0026_0343_0183_0074_0074.jpg 1 343 183 74 74
pos_generated/0027_0451_0043_0081_0081.jpg 1 451 43 81 81
pos_generated/0028_0073_0090_0092_0092.jpg 1 73 90 92 92
pos_generated/0029_0020_0053_0092_0092.jpg 1 20 53 92 92
pos_generated/0030_0039_0057_0141_0141.jpg 1 39 57 141 141
pos_generated/0031_0014_0091_0129_0129.jpg 1 14 91 129 129
pos_generated/0032_0255_0112_0125_0125.jpg 1 255 112 125 125
pos_generated/0033_0226_0238_0069_0069.jpg 1 226 238 69 69
pos_generated/0034_0033_0028_0129_0129.jpg 1 33 28 129 129
pos_generated/0035_0074_0089_0099_0099.jpg 1 74 89 99 99
pos_generated/0036_0046_0173_0118_0118.jpg 1 46 173 118 118
pos_generated/0037_0230_0244_0080_0080.jpg 1 230 244 80 80
pos_generated/0038_0369_0323_0095_0095.jpg 1 369 323 95 95
pos_generated/0039_0320_0159_0104_0104.jpg 1 320 159 104 104
pos_generated/0040_0170_0117_0083_0083.jpg 1 170 117 83 83
pos_generated/0041_0443_0247_0119_0119.jpg 1 443 247 119 119
pos_generated/0042_0064_0240_0077_0077.jpg 1 64 240 77 77
pos_generated/0043_0360_0182_0114_0114.jpg 1 360 182 114 114
pos_generated/0044_0317_0469_0117_0117.jpg 1 317 469 117 117
pos_generated/0045_0083_0119_0087_0087.jpg 1 83 119 87 87
pos_generated/0046_0133_0091_0107_0107.jpg 1 133 91 107 107
pos_generated/0047_0075_0073_0088_0088.jpg 1 75 73 88 88
pos_generated/0048_0317_0235_0088_0088.jpg 1 317 235 88 88
pos_generated/0049_0156_0102_0075_0075.jpg 1 156 102 75 75
pos_generated/0050_0032_0063_0097_0097.jpg 1 32 63 97 97
pos_generated/0051_0103_0042_0123_0123.jpg 1 103 42 123 123
pos_generated/0052_0015_0068_0072_0072.jpg 1 15 68 72 72
pos_generated/0053_0063_0070_0064_0064.jpg 1 63 70 64 64
pos_generated/0054_0023_0021_0109_0109.jpg 1 23 21 109 109
pos_generated/0055_0164_0281_0117_0117.jpg 1 164 281 117 117
pos_generated/0056_0309_0255_0072_0072.jpg 1 309 255 72 72
pos_generated/0057_0121_0056_0101_0101.jpg 1 121 56 101 101
pos_generated/0058_0062_0119_0068_0068.jpg 1 62 119 68 68
pos_generated/0059_0482_0121_0076_0076.jpg 1 482 121 76 76
pos_generated/0060_0024_0028_0117_0117.jpg 1 24 28 117 117
pos_generated/0061_0108_0043_0098_0098.jpg 1 108 43 98 98
pos_generated/0062_0168_0128_0138_0138.jpg 1 168 128 138 138
pos_generated/0063_0050_0061_0139_0139.jpg 1 50 61 139 139
pos_generated/0064_0095_0026_0082_0082.jpg 1 95 26 82 82
pos_generated/0065_0361_0063_0092_0092.jpg 1 361 63 92 92
pos_generated/0066_0513_0273_0065_0065.jpg 1 513 273 65 65
pos_generated/0067_0297_0185_0087_0087.jpg 1 297 185 87 87
pos_generated/0068_0064_0024_0141_0141.jpg 1 64 24 141 141
pos_generated/0069_0145_0060_0129_0129.jpg 1 145 60 129 129
pos_generated/0070_0147_0267_0078_0078.jpg 1 147 267 78 78
pos_generated/0071_0184_0097_0097_0097.jpg 1 184 97 97 97
pos_generated/0072_0334_0216_0098_0098.jpg 1 334 216 98 98
pos_generated/0073_0073_0150_0072_0072.jpg 1 73 150 72 72
pos_generated/0074_0274_0225_0110_0110.jpg 1 274 225 110 110
pos_generated/0075_0107_0070_0109_0109.jpg 1 107 70 109 109
pos_generated/0076_0105_0148_0138_0138.jpg 1 105 148 138 138
pos_generated/0077_0084_0059_0127_0127.jpg 1 84 59 127 127
pos_generated/0078_0098_0016_0123_0123.jpg 1 98 16 123 123
pos_generated/0079_0086_0027_0104_0104.jpg 1 86 27 104 104
pos_generated/0080_0015_0080_0102_0102.jpg 1 15 80 102 102
pos_generated/0081_0070_0025_0135_0135.jpg 1 70 25 135 135
pos_generated/0082_0127_0369_0105_0105.jpg 1 127 369 105 105
pos_generated/0083_0129_0052_0128_0128.jpg 1 129 52 128 128
pos_generated/0084_0071_0012_0132_0132.jpg 1 71 12 132 132
pos_generated/0085_0093_0076_0099_0099.jpg 1 93 76 99 99
pos_generated/0086_0083_0051_0119_0119.jpg 1 83 51 119 119
pos_generated/0087_0279_0049_0075_0075.jpg 1 279 49 75 75
pos_generated/0088_0231_0159_0122_0122.jpg 1 231 159 122 122
pos_generated/0089_0143_0037_0143_0143.jpg 1 143 37 143 143
pos_generated/0090_0367_0220_0105_0105.jpg 1 367 220 105 105
pos_generated/0091_0251_0252_0115_0115.jpg 1 251 252 115 115
pos_generated/0092_0070_0053_0074_0074.jpg 1 70 53 74 74
pos_generated/0093_0038_0034_0136_0136.jpg 1 38 34 136 136
pos_generated/0094_0012_0029_0129_0129.jpg 1 12 29 129 129
pos_generated/0095_0070_0164_0141_0141.jpg 1 70 164 141 141
pos_generated/0096_0125_0015_0120_0120.jpg 1 125 15 120 120
pos_generated/0097_0111_0038_0137_0137.jpg 1 111 38 137 137
pos_generated/0098_0048_0009_0142_0142.jpg 1 48 9 142 142
pos_generated/0099_0106_0029_0119_0119.jpg 1 106 29 119 119
pos_generated/0100_0113_0046_0084_0084.jpg 1 113 46 84 84
pos_generated/0001_0118_0087_0252_0252.jpg 1 118 87 252 252
pos_generated/0002_0023_0066_0104_0104.jpg 1 23 66 104 104
pos_generated/0003_0107_0012_0189_0189.jpg 1 107 12 189 189
pos_generated/0004_0360_0143_0224_0224.jpg 1 360 143 224 224
pos_generated/0005_0208_0113_0272_0272.jpg 1 208 113 272 272
pos_generated/0006_0163_0090_0082_0082.jpg 1 163 90 82 82
pos_generated/0007_0019_0048_0164_0164.jpg 1 19 48 164 164
pos_generated/0008_0202_0053_0250_0250.jpg 1 202 53 250 250
pos_generated/0001_0118_0087_0252_0252.jpg 1 118 87 252 252
pos_generated/0002_0023_0066_0104_0104.jpg 1 23 66 104 104
pos_generated/0003_0107_0012_0189_0189.jpg 1 107 12 189 189
pos_generated/0004_0360_0143_0224_0224.jpg 1 360 143 224 224
pos_generated/0005_0208_0113_0272_0272.jpg 1 208 113 272 272
pos_generated/0006_0163_0090_0082_0082.jpg 1 163 90 82 82
pos_generated/0007_0019_0048_0164_0164.jpg 1 19 48 164 164
pos_generated/0008_0202_0053_0250_0250.jpg 1 202 53 250 250
pos_generated/0001_0118_0087_0252_0252.jpg 1 118 87 252 252
pos_generated/0002_0023_0066_0104_0104.jpg 1 23 66 104 104
pos_generated/0003_0107_0012_0189_0189.jpg 1 107 12 189 189
pos_generated/0004_0360_0143_0224_0224.jpg 1 360 143 224 224
pos_generated/0005_0208_0113_0272_0272.jpg 1 208 113 272 272
pos_generated/0006_0163_0090_0082_0082.jpg 1 163 90 82 82
pos_generated/0007_0019_0048_0164_0164.jpg 1 19 48 164 164
pos_generated/0008_0202_0053_0250_0250.jpg 1 202 53 250 250
pos_generated/0001_0035_0140_0319_0319.jpg 1 35 140 319 319
pos_generated/0002_0030_0013_0120_0120.jpg 1 30 13 120 120
pos_generated/0003_0214_0035_0080_0080.jpg 1 214 35 80 80
pos_generated/0004_0391_0252_0184_0184.jpg 1 391 252 184 184
pos_generated/0005_0184_0086_0153_0153.jpg 1 184 86 153 153
pos_generated/0006_0125_0214_0222_0222.jpg 1 125 214 222 222
pos_generated/0007_0264_0095_0157_0157.jpg 1 264 95 157 157
pos_generated/0008_0141_0244_0179_0179.jpg 1 141 244 179 179
pos_generated/0009_0101_0149_0225_0225.jpg 1 101 149 225 225
pos_generated/0001_0035_0140_0319_0319.jpg 1 35 140 319 319
pos_generated/0002_0030_0013_0120_0120.jpg 1 30 13 120 120
pos_generated/0003_0214_0035_0080_0080.jpg 1 214 35 80 80
pos_generated/0004_0391_0252_0184_0184.jpg 1 391 252 184 184
pos_generated/0005_0184_0086_0153_0153.jpg 1 184 86 153 153
pos_generated/0006_0125_0214_0222_0222.jpg 1 125 214 222 222
pos_generated/0007_0264_0095_0157_0157.jpg 1 264 95 157 157
pos_generated/0008_0141_0244_0179_0179.jpg 1 141 244 179 179
pos_generated/0009_0101_0149_0225_0225.jpg 1 101 149 225 225
pos_generated/0001_0035_0140_0319_0319.jpg 1 35 140 319 319
pos_generated/0002_0030_0013_0120_0120.jpg 1 30 13 120 120
pos_generated/0003_0214_0035_0080_0080.jpg 1 214 35 80 80
pos_generated/0004_0391_0252_0184_0184.jpg 1 391 252 184 184
pos_generated/0005_0184_0086_0153_0153.jpg 1 184 86 153 153
pos_generated/0006_0125_0214_0222_0222.jpg 1 125 214 222 222
pos_generated/0007_0264_0095_0157_0157.jpg 1 264 95 157 157
pos_generated/0008_0141_0244_0179_0179.jpg 1 141 244 179 179
pos_generated/0009_0101_0149_0225_0225.jpg 1 101 149 225 225
pos_generated/0001_0035_0140_0319_0319.jpg 1 35 140 319 319
pos_generated/0002_0030_0013_0120_0120.jpg 1 30 13 120 120
pos_generated/0003_0214_0035_0080_0080.jpg 1 214 35 80 80
pos_generated/0004_0391_0252_0184_0184.jpg 1 391 252 184 184
pos_generated/0005_0184_0086_0153_0153.jpg 1 184 86 153 153
pos_generated/0006_0125_0214_0222_0222.jpg 1 125 214 222 222
pos_generated/0007_0264_0095_0157_0157.jpg 1 264 95 157 157
pos_generated/0008_0141_0244_0179_0179.jpg 1 141 244 179 179
pos_generated/0009_0101_0149_0225_0225.jpg 1 101 149 225 225
pos_generated/0001_0035_0140_0319_0319.jpg 1 35 140 319 319
pos_generated/0001_0035_0140_0319_0319.jpg 1 35 140 319 319
pos_generated/0002_0030_0013_0120_0120.jpg 1 30 13 120 120
pos_generated/0003_0214_0035_0080_0080.jpg 1 214 35 80 80
pos_generated/0004_0391_0252_0184_0184.jpg 1 391 252 184 184
pos_generated/0005_0184_0086_0153_0153.jpg 1 184 86 153 153
pos_generated/0006_0125_0214_0222_0222.jpg 1 125 214 222 222
pos_generated/0007_0264_0095_0157_0157.jpg 1 264 95 157 157
pos_generated/0008_0141_0244_0179_0179.jpg 1 141 244 179 179
pos_generated/0009_0101_0149_0225_0225.jpg 1 101 149 225 225
pos_generated/0001_0163_0074_0071_0071.jpg 1 163 74 71 71
pos_generated/0002_0214_0211_0089_0089.jpg 1 214 211 89 89
pos_generated/0003_0024_0095_0125_0125.jpg 1 24 95 125 125
pos_generated/0004_0193_0054_0084_0084.jpg 1 193 54 84 84
pos_generated/0005_0064_0347_0143_0143.jpg 1 64 347 143 143
pos_generated/0006_0087_0047_0073_0073.jpg 1 87 47 73 73
pos_generated/0007_0066_0399_0090_0090.jpg 1 66 399 90 90
pos_generated/0008_0511_0244_0069_0069.jpg 1 511 244 69 69
pos_generated/0009_0013_0015_0109_0109.jpg 1 13 15 109 109
pos_generated/0010_0440_0143_0110_0110.jpg 1 440 143 110 110
pos_generated/0011_0368_0193_0153_0153.jpg 1 368 193 153 153
pos_generated/0012_0171_0290_0139_0139.jpg 1 171 290 139 139
pos_generated/0001_0163_0074_0071_0071.jpg 1 163 74 71 71
pos_generated/0002_0214_0211_0089_0089.jpg 1 214 211 89 89
pos_generated/0003_0024_0095_0125_0125.jpg 1 24 95 125 125
pos_generated/0004_0193_0054_0084_0084.jpg 1 193 54 84 84
pos_generated/0005_0064_0347_0143_0143.jpg 1 64 347 143 143
pos_generated/0006_0087_0047_0073_0073.jpg 1 87 47 73 73
pos_generated/0007_0066_0399_0090_0090.jpg 1 66 399 90 90
pos_generated/0008_0511_0244_0069_0069.jpg 1 511 244 69 69
pos_generated/0009_0013_0015_0109_0109.jpg 1 13 15 109 109
pos_generated/0010_0440_0143_0110_0110.jpg 1 440 143 110 110
pos_generated/0011_0368_0193_0153_0153.jpg 1 368 193 153 153
pos_generated/0012_0171_0290_0139_0139.jpg 1 171 290 139 139
pos_generated/0001_0163_0074_0071_0071.jpg 1 163 74 71 71
pos_generated/0002_0214_0211_0089_0089.jpg 1 214 211 89 89
pos_generated/0003_0024_0095_0125_0125.jpg 1 24 95 125 125
pos_generated/0004_0193_0054_0084_0084.jpg 1 193 54 84 84
pos_generated/0005_0064_0347_0143_0143.jpg 1 64 347 143 143
pos_generated/0006_0087_0047_0073_0073.jpg 1 87 47 73 73
pos_generated/0007_0066_0399_0090_0090.jpg 1 66 399 90 90
pos_generated/0008_0511_0244_0069_0069.jpg 1 511 244 69 69
pos_generated/0009_0013_0015_0109_0109.jpg 1 13 15 109 109
pos_generated/0010_0440_0143_0110_0110.jpg 1 440 143 110 110
pos_generated/0011_0368_0193_0153_0153.jpg 1 368 193 153 153
pos_generated/0012_0171_0290_0139_0139.jpg 1 171 290 139 139
pos_generated/0001_0163_0074_0071_0071.jpg 1 163 74 71 71
pos_generated/0002_0214_0211_0089_0089.jpg 1 214 211 89 89
pos_generated/0003_0024_0095_0125_0125.jpg 1 24 95 125 125
pos_generated/0004_0193_0054_0084_0084.jpg 1 193 54 84 84
pos_generated/0005_0064_0347_0143_0143.jpg 1 64 347 143 143
pos_generated/0006_0087_0047_0073_0073.jpg 1 87 47 73 73
pos_generated/0007_0066_0399_0090_0090.jpg 1 66 399 90 90
pos_generated/0008_0511_0244_0069_0069.jpg 1 511 244 69 69
pos_generated/0009_0013_0015_0109_0109.jpg 1 13 15 109 109
pos_generated/0010_0440_0143_0110_0110.jpg 1 440 143 110 110
pos_generated/0011_0368_0193_0153_0153.jpg 1 368 193 153 153
pos_generated/0012_0171_0290_0139_0139.jpg 1 171 290 139 139
pos_generated/0001_0163_0074_0071_0071.jpg 1 163 74 71 71
pos_generated/0002_0214_0211_0089_0089.jpg 1 214 211 89 89
pos_generated/0003_0024_0095_0125_0125.jpg 1 24 95 125 125
pos_generated/0004_0193_0054_0084_0084.jpg 1 193 54 84 84
pos_generated/0005_0064_0347_0143_0143.jpg 1 64 347 143 143
pos_generated/0006_0087_0047_0073_0073.jpg 1 87 47 73 73
pos_generated/0007_0066_0399_0090_0090.jpg 1 66 399 90 90
pos_generated/0008_0511_0244_0069_0069.jpg 1 511 244 69 69
pos_generated/0009_0013_0015_0109_0109.jpg 1 13 15 109 109
pos_generated/0010_0440_0143_0110_0110.jpg 1 440 143 110 110
pos_generated/0011_0368_0193_0153_0153.jpg 1 368 193 153 153
pos_generated/0012_0171_0290_0139_0139.jpg 1 171 290 139 139
pos_generated/0001_0163_0074_0071_0071.jpg 1 163 74 71 71
pos_generated/0002_0214_0211_0089_0089.jpg 1 214 211 89 89
pos_generated/0003_0024_0095_0125_0125.jpg 1 24 95 125 125
pos_generated/0004_0193_0054_0084_0084.jpg 1 193 54 84 84
pos_generated/0005_0064_0347_0143_0143.jpg 1 64 347 143 143
pos_generated/0006_0087_0047_0073_0073.jpg 1 87 47 73 73
pos_generated/0007_0066_0399_0090_0090.jpg 1 66 399 90 90
pos_generated/0008_0511_0244_0069_0069.jpg 1 511 244 69 69
pos_generated/0009_0013_0015_0109_0109.jpg 1 13 15 109 109
pos_generated/0010_0440_0143_0110_0110.jpg 1 440 143 110 110
pos_generated/0011_0368_0193_0153_0153.jpg 1 368 193 153 153
pos_generated/0012_0171_0290_0139_0139.jpg 1 171 290 139 139
pos_generated/0001_0271_0291_0118_0118.jpg 1 271 291 118 118
pos_generated/0002_0147_0082_0139_0139.jpg 1 147 82 139 139
pos_generated/0003_0024_0080_0095_0095.jpg 1 24 80 95 95
pos_generated/0004_0267_0100_0323_0323.jpg 1 267 100 323 323
pos_generated/0005_0291_0146_0118_0118.jpg 1 291 146 118 118
pos_generated/0006_0083_0224_0225_0225.jpg 1 83 224 225 225
pos_generated/0007_0111_0038_0110_0110.jpg 1 111 38 110 110
pos_generated/0008_0267_0086_0250_0250.jpg 1 267 86 250 250
pos_generated/0009_0230_0226_0139_0139.jpg 1 230 226 139 139
pos_generated/0010_0252_0019_0322_0322.jpg 1 252 19 322 322
pos_generated/0011_0107_0017_0099_0099.jpg 1 107 17 99 99
pos_generated/0012_0377_0271_0175_0175.jpg 1 377 271 175 175
pos_generated/0013_0135_0179_0164_0164.jpg 1 135 179 164 164
pos_generated/0014_0090_0071_0084_0084.jpg 1 90 71 84 84
pos_generated/0015_0041_0161_0277_0277.jpg 1 41 161 277 277
pos_generated/0016_0038_0045_0170_0170.jpg 1 38 45 170 170
pos_generated/0001_0271_0291_0118_0118.jpg 1 271 291 118 118
pos_generated/0002_0147_0082_0139_0139.jpg 1 147 82 139 139
pos_generated/0003_0024_0080_0095_0095.jpg 1 24 80 95 95
pos_generated/0004_0267_0100_0323_0323.jpg 1 267 100 323 323
pos_generated/0005_0291_0146_0118_0118.jpg 1 291 146 118 118
pos_generated/0006_0083_0224_0225_0225.jpg 1 83 224 225 225
pos_generated/0007_0111_0038_0110_0110.jpg 1 111 38 110 110
pos_generated/0008_0267_0086_0250_0250.jpg 1 267 86 250 250
pos_generated/0009_0230_0226_0139_0139.jpg 1 230 226 139 139
pos_generated/0010_0252_0019_0322_0322.jpg 1 252 19 322 322
pos_generated/0011_0107_0017_0099_0099.jpg 1 107 17 99 99
pos_generated/0012_0377_0271_0175_0175.jpg 1 377 271 175 175
pos_generated/0013_0135_0179_0164_0164.jpg 1 135 179 164 164
pos_generated/0014_0090_0071_0084_0084.jpg 1 90 71 84 84
pos_generated/0015_0041_0161_0277_0277.jpg 1 41 161 277 277
pos_generated/0016_0038_0045_0170_0170.jpg 1 38 45 170 170
pos_generated/0001_0047_0052_0098_0098.jpg 1 47 52 98 98
pos_generated/0002_0257_0225_0096_0096.jpg 1 257 225 96 96
pos_generated/0003_0051_0030_0130_0130.jpg 1 51 30 130 130
pos_generated/0004_0026_0013_0138_0138.jpg 1 26 13 138 138
pos_generated/0005_0117_0044_0130_0130.jpg 1 117 44 130 130
pos_generated/0006_0043_0132_0074_0074.jpg 1 43 132 74 74
pos_generated/0007_0124_0237_0072_0072.jpg 1 124 237 72 72
pos_generated/0008_0099_0022_0096_0096.jpg 1 99 22 96 96
pos_generated/0009_0217_0078_0076_0076.jpg 1 217 78 76 76
pos_generated/0010_0402_0290_0110_0110.jpg 1 402 290 110 110
pos_generated/0011_0064_0060_0106_0106.jpg 1 64 60 106 106
pos_generated/0012_0182_0162_0073_0073.jpg 1 182 162 73 73
pos_generated/0013_0069_0020_0145_0145.jpg 1 69 20 145 145
pos_generated/0014_0441_0102_0139_0139.jpg 1 441 102 139 139
pos_generated/0015_0121_0278_0084_0084.jpg 1 121 278 84 84
pos_generated/0016_0029_0405_0151_0151.jpg 1 29 405 151 151
pos_generated/0017_0241_0078_0130_0130.jpg 1 241 78 130 130
pos_generated/0018_0146_0028_0154_0154.jpg 1 146 28 154 154
pos_generated/0019_0045_0049_0129_0129.jpg 1 45 49 129 129
pos_generated/0020_0055_0083_0126_0126.jpg 1 55 83 126 126
pos_generated/0021_0074_0085_0109_0109.jpg 1 74 85 109 109
pos_generated/0022_0250_0366_0065_0065.jpg 1 250 366 65 65
pos_generated/0023_0266_0081_0145_0145.jpg 1 266 81 145 145
pos_generated/0024_0180_0099_0091_0091.jpg 1 180 99 91 91
pos_generated/0025_0193_0054_0100_0100.jpg 1 193 54 100 100
pos_generated/0026_0318_0251_0105_0105.jpg 1 318 251 105 105
pos_generated/0027_0137_0277_0098_0098.jpg 1 137 277 98 98
pos_generated/0028_0263_0289_0069_0069.jpg 1 263 289 69 69
pos_generated/0029_0030_0015_0157_0157.jpg 1 30 15 157 157
pos_generated/0030_0399_0124_0082_0082.jpg 1 399 124 82 82
pos_generated/0031_0029_0023_0159_0159.jpg 1 29 23 159 159
pos_generated/0032_0287_0089_0158_0158.jpg 1 287 89 158 158
pos_generated/0033_0190_0031_0074_0074.jpg 1 190 31 74 74
pos_generated/0034_0191_0233_0128_0128.jpg 1 191 233 128 128
pos_generated/0035_0012_0064_0127_0127.jpg 1 12 64 127 127
pos_generated/0036_0067_0146_0066_0066.jpg 1 67 146 66 66
pos_generated/0037_0087_0350_0075_0075.jpg 1 87 350 75 75
pos_generated/0038_0122_0041_0089_0089.jpg 1 122 41 89 89
pos_generated/0039_0014_0057_0096_0096.jpg 1 14 57 96 96
pos_generated/0040_0101_0058_0137_0137.jpg 1 101 58 137 137
pos_generated/0041_0078_0175_0116_0116.jpg 1 78 175 116 116
pos_generated/0042_0168_0254_0161_0161.jpg 1 168 254 161 161
pos_generated/0043_0421_0199_0145_0145.jpg 1 421 199 145 145
pos_generated/0044_0229_0136_0137_0137.jpg 1 229 136 137 137
pos_generated/0045_0145_0017_0115_0115.jpg 1 145 17 115 115
pos_generated/0046_0324_0136_0092_0092.jpg 1 324 136 92 92
pos_generated/0047_0169_0053_0151_0151.jpg 1 169 53 151 151
pos_generated/0048_0045_0004_0149_0149.jpg 1 45 4 149 149
pos_generated/0049_0221_0219_0137_0137.jpg 1 221 219 137 137
pos_generated/0050_0254_0051_0132_0132.jpg 1 254 51 132 132
pos_generated/0051_0065_0051_0067_0067.jpg 1 65 51 67 67
pos_generated/0052_0087_0033_0160_0160.jpg 1 87 33 160 160
pos_generated/0053_0258_0284_0087_0087.jpg 1 258 284 87 87
pos_generated/0054_0138_0067_0129_0129.jpg 1 138 67 129 129
pos_generated/0055_0012_0124_0093_0093.jpg 1 12 124 93 93
pos_generated/0056_0434_0099_0150_0150.jpg 1 434 99 150 150
pos_generated/0057_0136_0068_0123_0123.jpg 1 136 68 123 123
pos_generated/0058_0044_0011_0155_0155.jpg 1 44 11 155 155
pos_generated/0059_0102_0020_0149_0149.jpg 1 102 20 149 149
pos_generated/0060_0198_0245_0155_0155.jpg 1 198 245 155 155
pos_generated/0061_0165_0310_0150_0150.jpg 1 165 310 150 150
pos_generated/0062_0071_0050_0155_0155.jpg 1 71 50 155 155
pos_generated/0063_0148_0271_0120_0120.jpg 1 148 271 120 120
pos_generated/0064_0105_0017_0072_0072.jpg 1 105 17 72 72
pos_generated/0065_0086_0069_0133_0133.jpg 1 86 69 133 133
pos_generated/0066_0233_0279_0078_0078.jpg 1 233 279 78 78
pos_generated/0067_0316_0371_0123_0123.jpg 1 316 371 123 123
pos_generated/0068_0036_0134_0070_0070.jpg 1 36 134 70 70
pos_generated/0069_0433_0051_0152_0152.jpg 1 433 51 152 152
pos_generated/0070_0184_0056_0154_0154.jpg 1 184 56 154 154
pos_generated/0071_0163_0168_0162_0162.jpg 1 163 168 162 162
pos_generated/0072_0160_0084_0166_0166.jpg 1 160 84 166 166
pos_generated/0073_0053_0062_0133_0133.jpg 1 53 62 133 133
pos_generated/0074_0015_0029_0133_0133.jpg 1 15 29 133 133
pos_generated/0075_0034_0035_0095_0095.jpg 1 34 35 95 95
pos_generated/0076_0204_0052_0091_0091.jpg 1 204 52 91 91
pos_generated/0077_0410_0174_0105_0105.jpg 1 410 174 105 105
pos_generated/0078_0121_0080_0104_0104.jpg 1 121 80 104 104
pos_generated/0079_0067_0248_0075_0075.jpg 1 67 248 75 75
pos_generated/0080_0324_0274_0126_0126.jpg 1 324 274 126 126
pos_generated/0081_0075_0011_0127_0127.jpg 1 75 11 127 127
pos_generated/0082_0261_0208_0120_0120.jpg 1 261 208 120 120
pos_generated/0083_0035_0042_0156_0156.jpg 1 35 42 156 156
pos_generated/0084_0034_0094_0100_0100.jpg 1 34 94 100 100
pos_generated/0085_0158_0102_0146_0146.jpg 1 158 102 146 146
pos_generated/0086_0377_0160_0158_0158.jpg 1 377 160 158 158
pos_generated/0087_0096_0032_0107_0107.jpg 1 96 32 107 107
pos_generated/0088_0077_0074_0128_0128.jpg 1 77 74 128 128
pos_generated/0089_0203_0175_0137_0137.jpg 1 203 175 137 137
pos_generated/0090_0065_0054_0084_0084.jpg 1 65 54 84 84
pos_generated/0091_0392_0117_0103_0103.jpg 1 392 117 103 103
pos_generated/0092_0026_0034_0150_0150.jpg 1 26 34 150 150
pos_generated/0093_0040_0108_0073_0073.jpg 1 40 108 73 73
pos_generated/0094_0163_0060_0096_0096.jpg 1 163 60 96 96
pos_generated/0095_0037_0018_0092_0092.jpg 1 37 18 92 92
pos_generated/0096_0089_0287_0092_0092.jpg 1 89 287 92 92
pos_generated/0097_0005_0078_0148_0148.jpg 1 5 78 148 148
pos_generated/0098_0232_0278_0065_0065.jpg 1 232 278 65 65
pos_generated/0099_0120_0011_0156_0156.jpg 1 120 11 156 156
pos_generated/0100_0095_0041_0157_0157.jpg 1 95 41 157 157
pos_generated/0001_0057_0214_0190_0190.jpg 1 57 214 190 190
pos_generated/0002_0083_0012_0158_0158.jpg 1 83 12 158 158
pos_generated/0003_0038_0104_0109_0109.jpg 1 38 104 109 109
pos_generated/0004_0107_0020_0191_0191.jpg 1 107 20 191 191
pos_generated/0005_0052_0038_0083_0083.jpg 1 52 38 83 83
pos_generated/0006_0145_0063_0227_0227.jpg 1 145 63 227 227
pos_generated/0007_0195_0035_0335_0335.jpg 1 195 35 335 335
pos_generated/0001_0057_0214_0190_0190.jpg 1 57 214 190 190
pos_generated/0002_0083_0012_0158_0158.jpg 1 83 12 158 158
pos_generated/0003_0038_0104_0109_0109.jpg 1 38 104 109 109
pos_generated/0004_0107_0020_0191_0191.jpg 1 107 20 191 191
pos_generated/0005_0052_0038_0083_0083.jpg 1 52 38 83 83
pos_generated/0006_0145_0063_0227_0227.jpg 1 145 63 227 227
pos_generated/0007_0195_0035_0335_0335.jpg 1 195 35 335 335
pos_generated/0001_0057_0214_0190_0190.jpg 1 57 214 190 190
pos_generated/0002_0083_0012_0158_0158.jpg 1 83 12 158 158
pos_generated/0003_0038_0104_0109_0109.jpg 1 38 104 109 109
pos_generated/0004_0107_0020_0191_0191.jpg 1 107 20 191 191
pos_generated/0005_0052_0038_0083_0083.jpg 1 52 38 83 83
pos_generated/0006_0145_0063_0227_0227.jpg 1 145 63 227 227
pos_generated/0007_0195_0035_0335_0335.jpg 1 195 35 335 335
pos_generated/0001_0060_0042_0102_0102.jpg 1 60 42 102 102
pos_generated/0002_0308_0248_0088_0088.jpg 1 308 248 88 88
pos_generated/0003_0245_0165_0109_0109.jpg 1 245 165 109 109
pos_generated/0004_0462_0287_0078_0078.jpg 1 462 287 78 78
pos_generated/0005_0016_0089_0097_0097.jpg 1 16 89 97 97
pos_generated/0006_0191_0071_0070_0070.jpg 1 191 71 70 70
pos_generated/0007_0052_0071_0123_0123.jpg 1 52 71 123 123
pos_generated/0008_0186_0071_0101_0101.jpg 1 186 71 101 101
pos_generated/0009_0273_0236_0116_0116.jpg 1 273 236 116 116
pos_generated/0010_0041_0056_0093_0093.jpg 1 41 56 93 93
pos_generated/0011_0087_0036_0126_0126.jpg 1 87 36 126 126
pos_generated/0012_0031_0025_0093_0093.jpg 1 31 25 93 93
pos_generated/0013_0084_0044_0103_0103.jpg 1 84 44 103 103
pos_generated/0014_0024_0137_0065_0065.jpg 1 24 137 65 65
pos_generated/0015_0104_0091_0065_0065.jpg 1 104 91 65 65
pos_generated/0016_0081_0092_0112_0112.jpg 1 81 92 112 112
pos_generated/0017_0492_0065_0082_0082.jpg 1 492 65 82 82
pos_generated/0018_0077_0297_0093_0093.jpg 1 77 297 93 93
pos_generated/0019_0168_0275_0066_0066.jpg 1 168 275 66 66
pos_generated/0020_0477_0215_0092_0092.jpg 1 477 215 92 92
pos_generated/0021_0289_0136_0084_0084.jpg 1 289 136 84 84
pos_generated/0022_0079_0290_0094_0094.jpg 1 79 290 94 94
pos_generated/0023_0166_0101_0066_0066.jpg 1 166 101 66 66
pos_generated/0024_0117_0054_0118_0118.jpg 1 117 54 118 118
pos_generated/0025_0321_0299_0110_0110.jpg 1 321 299 110 110
pos_generated/0026_0170_0061_0123_0123.jpg 1 170 61 123 123
pos_generated/0027_0298_0201_0097_0097.jpg 1 298 201 97 97
pos_generated/0028_0064_0480_0071_0071.jpg 1 64 480 71 71
pos_generated/0029_0074_0244_0067_0067.jpg 1 74 244 67 67
pos_generated/0030_0264_0326_0070_0070.jpg 1 264 326 70 70
pos_generated/0031_0120_0043_0126_0126.jpg 1 120 43 126 126
pos_generated/0032_0165_0027_0126_0126.jpg 1 165 27 126 126
pos_generated/0033_0066_0059_0071_0071.jpg 1 66 59 71 71
pos_generated/0034_0037_0027_0110_0110.jpg 1 37 27 110 110
pos_generated/0035_0033_0118_0079_0079.jpg 1 33 118 79 79
pos_generated/0036_0112_0309_0127_0127.jpg 1 112 309 127 127
pos_generated/0037_0113_0356_0069_0069.jpg 1 113 356 69 69
pos_generated/0038_0264_0228_0096_0096.jpg 1 264 228 96 96
pos_generated/0039_0163_0028_0118_0118.jpg 1 163 28 118 118
pos_generated/0040_0183_0125_0072_0072.jpg 1 183 125 72 72
pos_generated/0041_0144_0179_0093_0093.jpg 1 144 179 93 93
pos_generated/0042_0145_0134_0083_0083.jpg 1 145 134 83 83
pos_generated/0043_0110_0103_0071_0071.jpg 1 110 103 71 71
pos_generated/0044_0255_0170_0073_0073.jpg 1 255 170 73 73
pos_generated/0045_0121_0146_0128_0128.jpg 1 121 146 128 128
pos_generated/0046_0184_0054_0095_0095.jpg 1 184 54 95 95
pos_generated/0047_0363_0254_0110_0110.jpg 1 363 254 110 110
pos_generated/0048_0180_0038_0080_0080.jpg 1 180 38 80 80
pos_generated/0049_0100_0101_0083_0083.jpg 1 100 101 83 83
pos_generated/0050_0071_0087_0121_0121.jpg 1 71 87 121 121
pos_generated/0051_0087_0142_0071_0071.jpg 1 87 142 71 71
pos_generated/0052_0284_0282_0093_0093.jpg 1 284 282 93 93
pos_generated/0053_0137_0136_0083_0083.jpg 1 137 136 83 83
pos_generated/0054_0425_0168_0087_0087.jpg 1 425 168 87 87
pos_generated/0055_0355_0119_0075_0075.jpg 1 355 119 75 75
pos_generated/0056_0097_0112_0075_0075.jpg 1 97 112 75 75
pos_generated/0057_0020_0102_0112_0112.jpg 1 20 102 112 112
pos_generated/0058_0178_0160_0099_0099.jpg 1 178 160 99 99
pos_generated/0059_0161_0049_0074_0074.jpg 1 161 49 74 74
pos_generated/0060_0026_0090_0125_0125.jpg 1 26 90 125 125
pos_generated/0061_0204_0337_0088_0088.jpg 1 204 337 88 88
pos_generated/0062_0414_0339_0092_0092.jpg 1 414 339 92 92
pos_generated/0063_0186_0418_0064_0064.jpg 1 186 418 64 64
pos_generated/0064_0162_0168_0085_0085.jpg 1 162 168 85 85
pos_generated/0065_0144_0108_0085_0085.jpg 1 144 108 85 85
pos_generated/0066_0074_0019_0093_0093.jpg 1 74 19 93 93
pos_generated/0067_0419_0190_0087_0087.jpg 1 419 190 87 87
pos_generated/0068_0016_0079_0079_0079.jpg 1 16 79 79 79
pos_generated/0069_0165_0035_0082_0082.jpg 1 165 35 82 82
pos_generated/0070_0100_0199_0096_0096.jpg 1 100 199 96 96
pos_generated/0071_0325_0202_0070_0070.jpg 1 325 202 70 70
pos_generated/0072_0110_0033_0101_0101.jpg 1 110 33 101 101
pos_generated/0073_0043_0077_0118_0118.jpg 1 43 77 118 118
pos_generated/0074_0071_0104_0119_0119.jpg 1 71 104 119 119
pos_generated/0075_0071_0024_0125_0125.jpg 1 71 24 125 125
pos_generated/0076_0207_0240_0125_0125.jpg 1 207 240 125 125
pos_generated/0077_0107_0131_0092_0092.jpg 1 107 131 92 92
pos_generated/0078_0074_0051_0111_0111.jpg 1 74 51 111 111
pos_generated/0079_0039_0065_0120_0120.jpg 1 39 65 120 120
pos_generated/0080_0221_0261_0115_0115.jpg 1 221 261 115 115
pos_generated/0081_0133_0079_0117_0117.jpg 1 133 79 117 117
pos_generated/0082_0124_0035_0128_0128.jpg 1 124 35 128 128
pos_generated/0083_0464_0149_0115_0115.jpg 1 464 149 115 115
pos_generated/0084_0127_0043_0077_0077.jpg 1 127 43 77 77
pos_generated/0085_0495_0240_0066_0066.jpg 1 495 240 66 66
pos_generated/0086_0104_0030_0128_0128.jpg 1 104 30 128 128
pos_generated/0087_0106_0037_0078_0078.jpg 1 106 37 78 78
pos_generated/0088_0075_0099_0075_0075.jpg 1 75 99 75 75
pos_generated/0089_0032_0085_0104_0104.jpg 1 32 85 104 104
pos_generated/0090_0154_0065_0099_0099.jpg 1 154 65 99 99
pos_generated/0091_0124_0336_0102_0102.jpg 1 124 336 102 102
pos_generated/0092_0106_0062_0075_0075.jpg 1 106 62 75 75
pos_generated/0093_0031_0126_0092_0092.jpg 1 31 126 92 92
pos_generated/0094_0265_0236_0075_0075.jpg 1 265 236 75 75
pos_generated/0095_0094_0403_0096_0096.jpg 1 94 403 96 96
pos_generated/0096_0111_0076_0102_0102.jpg 1 111 76 102 102
pos_generated/0097_0171_0084_0068_0068.jpg 1 171 84 68 68
pos_generated/0098_0080_0028_0122_0122.jpg 1 80 28 122 122
pos_generated/0099_0059_0156_0098_0098.jpg 1 59 156 98 98
pos_generated/0100_0119_0038_0087_0087.jpg 1 119 38 87 87
pos_generated/0001_0218_0129_0234_0234.jpg 1 218 129 234 234
pos_generated/0002_0288_0082_0161_0161.jpg 1 288 82 161 161
pos_generated/0003_0280_0076_0116_0116.jpg 1 280 76 116 116
pos_generated/0001_0218_0129_0234_0234.jpg 1 218 129 234 234
pos_generated/0002_0288_0082_0161_0161.jpg 1 288 82 161 161
pos_generated/0001_0218_0129_0234_0234.jpg 1 218 129 234 234
pos_generated/0002_0288_0082_0161_0161.jpg 1 288 82 161 161
pos_generated/0003_0280_0076_0116_0116.jpg 1 280 76 116 116
pos_generated/0001_0218_0129_0234_0234.jpg 1 218 129 234 234
pos_generated/0002_0288_0082_0161_0161.jpg 1 288 82 161 161
pos_generated/0003_0280_0076_0116_0116.jpg 1 280 76 116 116
pos_generated/0001_0218_0129_0234_0234.jpg 1 218 129 234 234
pos_generated/0002_0288_0082_0161_0161.jpg 1 288 82 161 161
pos_generated/0001_0218_0129_0234_0234.jpg 1 218 129 234 234
pos_generated/0002_0288_0082_0161_0161.jpg 1 288 82 161 161
pos_generated/0003_0280_0076_0116_0116.jpg 1 280 76 116 116
pos_generated/0001_0218_0129_0234_0234.jpg 1 218 129 234 234
pos_generated/0002_0288_0082_0161_0161.jpg 1 288 82 161 161
pos_generated/0003_0280_0076_0116_0116.jpg 1 280 76 116 116
pos_generated/0001_0218_0129_0234_0234.jpg 1 218 129 234 234
pos_generated/0002_0288_0082_0161_0161.jpg 1 288 82 161 161
pos_generated/0003_0280_0076_0116_0116.jpg 1 280 76 116 116
pos_generated/0001_0218_0129_0234_0234.jpg 1 218 129 234 234
pos_generated/0002_0288_0082_0161_0161.jpg 1 288 82 161 161
pos_generated/0003_0280_0076_0116_0116.jpg 1 280 76 116 116
pos_generated/0001_0062_0082_0297_0297.jpg 1 62 82 297 297
pos_generated/0002_0292_0200_0186_0186.jpg 1 292 200 186 186
pos_generated/0003_0227_0122_0267_0267.jpg 1 227 122 267 267
pos_generated/0004_0174_0188_0264_0264.jpg 1 174 188 264 264
pos_generated/0005_0049_0043_0167_0167.jpg 1 49 43 167 167
pos_generated/0006_0431_0083_0095_0095.jpg 1 431 83 95 95
pos_generated/0007_0117_0119_0265_0265.jpg 1 117 119 265 265
pos_generated/0008_0150_0166_0290_0290.jpg 1 150 166 290 290
pos_generated/0009_0067_0146_0195_0195.jpg 1 67 146 195 195
pos_generated/0010_0083_0022_0184_0184.jpg 1 83 22 184 184
pos_generated/0001_0062_0082_0297_0297.jpg 1 62 82 297 297
pos_generated/0002_0292_0200_0186_0186.jpg 1 292 200 186 186
pos_generated/0003_0227_0122_0267_0267.jpg 1 227 122 267 267
pos_generated/0004_0174_0188_0264_0264.jpg 1 174 188 264 264
pos_generated/0005_0049_0043_0167_0167.jpg 1 49 43 167 167
pos_generated/0006_0431_0083_0095_0095.jpg 1 431 83 95 95
pos_generated/0007_0117_0119_0265_0265.jpg 1 117 119 265 265
pos_generated/0008_0150_0166_0290_0290.jpg 1 150 166 290 290
pos_generated/0009_0067_0146_0195_0195.jpg 1 67 146 195 195
pos_generated/0010_0083_0022_0184_0184.jpg 1 83 22 184 184
pos_generated/0001_0062_0082_0297_0297.jpg 1 62 82 297 297
pos_generated/0002_0292_0200_0186_0186.jpg 1 292 200 186 186
pos_generated/0003_0227_0122_0267_0267.jpg 1 227 122 267 267
pos_generated/0004_0174_0188_0264_0264.jpg 1 174 188 264 264
pos_generated/0005_0049_0043_0167_0167.jpg 1 49 43 167 167
pos_generated/0006_0431_0083_0095_0095.jpg 1 431 83 95 95
pos_generated/0007_0117_0119_0265_0265.jpg 1 117 119 265 265
pos_generated/0008_0150_0166_0290_0290.jpg 1 150 166 290 290
pos_generated/0009_0067_0146_0195_0195.jpg 1 67 146 195 195
pos_generated/0010_0083_0022_0184_0184.jpg 1 83 22 184 184
pos_generated/0001_0062_0082_0297_0297.jpg 1 62 82 297 297
pos_generated/0002_0292_0200_0186_0186.jpg 1 292 200 186 186
pos_generated/0003_0227_0122_0267_0267.jpg 1 227 122 267 267
pos_generated/0004_0174_0188_0264_0264.jpg 1 174 188 264 264
pos_generated/0005_0049_0043_0167_0167.jpg 1 49 43 167 167
pos_generated/0006_0431_0083_0095_0095.jpg 1 431 83 95 95
pos_generated/0007_0117_0119_0265_0265.jpg 1 117 119 265 265
pos_generated/0008_0150_0166_0290_0290.jpg 1 150 166 290 290
pos_generated/0009_0067_0146_0195_0195.jpg 1 67 146 195 195
pos_generated/0010_0083_0022_0184_0184.jpg 1 83 22 184 184
pos_generated/0001_0062_0082_0297_0297.jpg 1 62 82 297 297
pos_generated/0002_0292_0200_0186_0186.jpg 1 292 200 186 186
pos_generated/0003_0227_0122_0267_0267.jpg 1 227 122 267 267
pos_generated/0004_0174_0188_0264_0264.jpg 1 174 188 264 264
pos_generated/0005_0049_0043_0167_0167.jpg 1 49 43 167 167
pos_generated/0006_0431_0083_0095_0095.jpg 1 431 83 95 95
pos_generated/0007_0117_0119_0265_0265.jpg 1 117 119 265 265
pos_generated/0008_0150_0166_0290_0290.jpg 1 150 166 290 290
pos_generated/0009_0067_0146_0195_0195.jpg 1 67 146 195 195
pos_generated/0010_0083_0022_0184_0184.jpg 1 83 22 184 184
pos_generated/0001_0062_0082_0297_0297.jpg 1 62 82 297 297
pos_generated/0002_0292_0200_0186_0186.jpg 1 292 200 186 186
pos_generated/0003_0227_0122_0267_0267.jpg 1 227 122 267 267
pos_generated/0004_0174_0188_0264_0264.jpg 1 174 188 264 264
pos_generated/0005_0049_0043_0167_0167.jpg 1 49 43 167 167
pos_generated/0006_0431_0083_0095_0095.jpg 1 431 83 95 95
pos_generated/0007_0117_0119_0265_0265.jpg 1 117 119 265 265
pos_generated/0008_0150_0166_0290_0290.jpg 1 150 166 290 290
pos_generated/0009_0067_0146_0195_0195.jpg 1 67 146 195 195
pos_generated/0010_0083_0022_0184_0184.jpg 1 83 22 184 184
pos_generated/0001_0007_0078_0111_0111.jpg 1 7 78 111 111
pos_generated/0002_0160_0041_0087_0087.jpg 1 160 41 87 87
pos_generated/0003_0384_0171_0077_0077.jpg 1 384 171 77 77
pos_generated/0004_0443_0268_0087_0087.jpg 1 443 268 87 87
pos_generated/0005_0260_0065_0103_0103.jpg 1 260 65 103 103
pos_generated/0006_0059_0069_0093_0093.jpg 1 59 69 93 93
pos_generated/0007_0105_0018_0095_0095.jpg 1 105 18 95 95
pos_generated/0008_0121_0223_0086_0086.jpg 1 121 223 86 86
pos_generated/0009_0041_0136_0079_0079.jpg 1 41 136 79 79
pos_generated/0010_0308_0214_0109_0109.jpg 1 308 214 109 109
pos_generated/0011_0416_0193_0101_0101.jpg 1 416 193 101 101
pos_generated/0012_0061_0044_0087_0087.jpg 1 61 44 87 87
pos_generated/0013_0062_0472_0103_0103.jpg 1 62 472 103 103
pos_generated/0014_0062_0165_0111_0111.jpg 1 62 165 111 111
pos_generated/0015_0419_0099_0075_0075.jpg 1 419 99 75 75
pos_generated/0016_0080_0228_0069_0069.jpg 1 80 228 69 69
pos_generated/0017_0066_0067_0098_0098.jpg 1 66 67 98 98
pos_generated/0018_0254_0227_0078_0078.jpg 1 254 227 78 78
pos_generated/0019_0146_0085_0071_0071.jpg 1 146 85 71 71
pos_generated/0020_0311_0119_0072_0072.jpg 1 311 119 72 72
pos_generated/0021_0190_0099_0094_0094.jpg 1 190 99 94 94
pos_generated/0022_0016_0022_0095_0095.jpg 1 16 22 95 95
pos_generated/0023_0315_0111_0108_0108.jpg 1 315 111 108 108
pos_generated/0024_0311_0184_0072_0072.jpg 1 311 184 72 72
pos_generated/0025_0078_0195_0075_0075.jpg 1 78 195 75 75
pos_generated/0026_0207_0136_0071_0071.jpg 1 207 136 71 71
pos_generated/0027_0172_0075_0076_0076.jpg 1 172 75 76 76
pos_generated/0028_0018_0093_0097_0097.jpg 1 18 93 97 97
pos_generated/0029_0052_0045_0077_0077.jpg 1 52 45 77 77
pos_generated/0030_0089_0069_0087_0087.jpg 1 89 69 87 87
pos_generated/0031_0086_0077_0111_0111.jpg 1 86 77 111 111
pos_generated/0032_0111_0123_0065_0065.jpg 1 111 123 65 65
pos_generated/0033_0146_0312_0069_0069.jpg 1 146 312 69 69
pos_generated/0034_0070_0116_0080_0080.jpg 1 70 116 80 80
pos_generated/0035_0241_0075_0071_0071.jpg 1 241 75 71 71
pos_generated/0036_0043_0082_0083_0083.jpg 1 43 82 83 83
pos_generated/0037_0207_0080_0066_0066.jpg 1 207 80 66 66
pos_generated/0038_0225_0092_0105_0105.jpg 1 225 92 105 105
pos_generated/0039_0335_0192_0093_0093.jpg 1 335 192 93 93
pos_generated/0040_0040_0064_0100_0100.jpg 1 40 64 100 100
pos_generated/0041_0080_0104_0081_0081.jpg 1 80 104 81 81
pos_generated/0042_0100_0057_0080_0080.jpg 1 100 57 80 80
pos_generated/0043_0243_0237_0093_0093.jpg 1 243 237 93 93
pos_generated/0044_0472_0245_0079_0079.jpg 1 472 245 79 79
pos_generated/0045_0121_0137_0074_0074.jpg 1 121 137 74 74
pos_generated/0046_0407_0085_0102_0102.jpg 1 407 85 102 102
pos_generated/0047_0124_0068_0089_0089.jpg 1 124 68 89 89
pos_generated/0048_0036_0114_0107_0107.jpg 1 36 114 107 107
pos_generated/0049_0049_0094_0096_0096.jpg 1 49 94 96 96
pos_generated/0050_0168_0102_0097_0097.jpg 1 168 102 97 97
pos_generated/0051_0353_0160_0075_0075.jpg 1 353 160 75 75
pos_generated/0052_0354_0339_0075_0075.jpg 1 354 339 75 75
pos_generated/0053_0156_0274_0082_0082.jpg 1 156 274 82 82
pos_generated/0054_0380_0290_0110_0110.jpg 1 380 290 110 110
pos_generated/0055_0115_0277_0064_0064.jpg 1 115 277 64 64
pos_generated/0056_0109_0126_0073_0073.jpg 1 109 126 73 73
pos_generated/0057_0130_0132_0087_0087.jpg 1 130 132 87 87
pos_generated/0058_0064_0024_0065_0065.jpg 1 64 24 65 65
pos_generated/0059_0108_0333_0071_0071.jpg 1 108 333 71 71
pos_generated/0060_0354_0184_0065_0065.jpg 1 354 184 65 65
pos_generated/0061_0004_0025_0097_0097.jpg 1 4 25 97 97
pos_generated/0062_0141_0089_0077_0077.jpg 1 141 89 77 77
pos_generated/0063_0054_0069_0097_0097.jpg 1 54 69 97 97
pos_generated/0064_0267_0195_0097_0097.jpg 1 267 195 97 97
pos_generated/0065_0220_0358_0079_0079.jpg 1 220 358 79 79
pos_generated/0066_0137_0055_0108_0108.jpg 1 137 55 108 108
pos_generated/0067_0234_0185_0066_0066.jpg 1 234 185 66 66
pos_generated/0068_0196_0309_0111_0111.jpg 1 196 309 111 111
pos_generated/0069_0224_0152_0085_0085.jpg 1 224 152 85 85
pos_generated/0070_0368_0316_0108_0108.jpg 1 368 316 108 108
pos_generated/0071_0011_0134_0080_0080.jpg 1 11 134 80 80
pos_generated/0072_0154_0061_0109_0109.jpg 1 154 61 109 109
pos_generated/0073_0022_0141_0067_0067.jpg 1 22 141 67 67
pos_generated/0074_0369_0056_0092_0092.jpg 1 369 56 92 92
pos_generated/0075_0070_0123_0083_0083.jpg 1 70 123 83 83
pos_generated/0076_0248_0083_0109_0109.jpg 1 248 83 109 109
pos_generated/0077_0113_0093_0111_0111.jpg 1 113 93 111 111
pos_generated/0078_0329_0271_0098_0098.jpg 1 329 271 98 98
pos_generated/0079_0117_0058_0110_0110.jpg 1 117 58 110 110
pos_generated/0080_0278_0088_0090_0090.jpg 1 278 88 90 90
pos_generated/0081_0373_0100_0070_0070.jpg 1 373 100 70 70
pos_generated/0082_0264_0297_0071_0071.jpg 1 264 297 71 71
pos_generated/0083_0172_0031_0069_0069.jpg 1 172 31 69 69
pos_generated/0084_0360_0353_0064_0064.jpg 1 360 353 64 64
pos_generated/0085_0177_0316_0107_0107.jpg 1 177 316 107 107
pos_generated/0086_0336_0297_0067_0067.jpg 1 336 297 67 67
pos_generated/0087_0157_0120_0107_0107.jpg 1 157 120 107 107
pos_generated/0088_0149_0050_0111_0111.jpg 1 149 50 111 111
pos_generated/0089_0095_0061_0088_0088.jpg 1 95 61 88 88
pos_generated/0090_0013_0044_0090_0090.jpg 1 13 44 90 90
pos_generated/0091_0019_0020_0107_0107.jpg 1 19 20 107 107
pos_generated/0092_0013_0017_0073_0073.jpg 1 13 17 73 73
pos_generated/0093_0146_0030_0109_0109.jpg 1 146 30 109 109
pos_generated/0094_0384_0156_0110_0110.jpg 1 384 156 110 110
pos_generated/0095_0486_0318_0080_0080.jpg 1 486 318 80 80
pos_generated/0096_0124_0100_0090_0090.jpg 1 124 100 90 90
pos_generated/0097_0146_0095_0086_0086.jpg 1 146 95 86 86
pos_generated/0098_0050_0046_0073_0073.jpg 1 50 46 73 73
pos_generated/0099_0101_0109_0086_0086.jpg 1 101 109 86 86
pos_generated/0100_0046_0080_0067_0067.jpg 1 46 80 67 67
